#base_trace:teragrid, config_file:configs/config_simple2.xml, total_servers:100, total_time:37, time_dist_mean:2.2918089734434797, time_dist_stdev:1.314966813631654,node_dist_mean:1.5218620275095722, node_dist_stdev:7.778778779982416
0 59 small 34 14
60 119 medium 40 0
60 119 large 73 13
120 179 tiny 6 6
180 239 tiny 12 12
180 239 medium 48 8
180 239 large 62 2
180 239 xlarge 89 9
240 299 tiny 19 19
240 959 medium 40 0
240 299 medium 55 15
300 359 small 34 14
420 479 large 79 19
480 599 medium 46 6
540 599 small 34 14
660 719 small 39 19
720 779 tiny 2 2
720 779 small 20 0
780 839 large 67 7
900 959 large 75 15
1080 1259 medium 40 0
1080 1139 large 62 2
1140 1199 tiny 19 19
1140 1199 large 75 15
1140 1199 xlarge 86 6
1200 1259 tiny 6 6
1200 1259 xlarge 82 2
1260 1319 small 34 14
1320 1379 large 73 13
1320 1379 xlarge 86 6
1380 1439 small 34 14
1380 1559 medium 40 0
1380 1439 xlarge 89 9
1500 1559 small 34 14
1620 1919 medium 40 0
1680 1739 xlarge 89 9
1740 1799 tiny 10 10
1740 1799 small 34 14
1740 1799 large 62 2
1800 1859 xlarge 82 2
1920 1979 tiny 6 6
1980 2039 medium 40 0
2100 2219 medium 40 0
2100 2159 medium 46 6
2160 2219 medium 54 14
2160 2219 large 79 19
2220 2279 small 20 0
2280 2339 medium 40 0
2340 2399 small 34 14
2340 2399 xlarge 92 12
2400 2459 medium 40 0
2460 2519 small 34 14
2460 2519 xlarge 89 9
2520 2939 medium 40 0
2580 2639 xlarge 89 9
2640 2699 large 68 8
2700 2759 large 75 15
2760 2819 tiny 8 8
3000 3119 medium 40 0
3000 3059 large 75 15
3060 3119 xlarge 82 2
3120 3179 tiny 6 6
3120 3179 tiny 17 17
3180 3419 medium 40 0
3420 3479 small 34 14
3480 3659 medium 40 0
3660 3779 small 37 17
3720 3899 medium 40 0
3900 3959 xlarge 89 9
3960 4019 tiny 18 18
3960 4499 medium 40 0
3960 4019 xlarge 86 6
4020 4079 large 75 15
4080 4139 tiny 4 4
4140 4199 small 34 14
4200 4259 xlarge 89 9
4260 4319 tiny 10 10
4260 4319 large 68 8
4320 4379 tiny 6 6
4320 4379 medium 51 11
4380 4439 small 34 14
4500 4559 xlarge 82 2
4560 4619 small 20 0
4560 4679 medium 40 0
4560 4619 large 73 13
4560 4619 xlarge 87 7
4680 4739 small 26 6
4680 4739 small 39 19
4740 4799 medium 40 0
4860 4919 medium 40 0
4860 4919 large 67 7
4920 4979 large 71 11
4920 4979 large 79 19
4920 4979 xlarge 86 6
5040 5099 small 37 17
5100 5159 small 20 0
5100 5219 medium 40 0
5280 5339 medium 40 0
5280 5339 large 78 18
5280 5339 xlarge 85 5
5400 5579 medium 40 0
5520 5579 small 37 17
5640 5699 medium 40 0
5760 5999 medium 40 0
5820 5879 tiny 12 12
5820 5879 large 75 15
5880 5939 xlarge 86 6
5940 5999 small 37 17
6000 6059 large 63 3
6060 6179 medium 40 0
6180 6239 tiny 12 12
6180 6239 xlarge 89 9
6240 6419 small 34 14
6240 6419 medium 40 0
6360 6419 tiny 2 2
6420 6479 tiny 11 11
6420 6479 large 62 2
6480 6539 medium 40 0
6480 6539 xlarge 86 6
6600 6719 medium 40 0
6600 6659 large 78 18
6660 6719 xlarge 89 9
6720 6779 medium 59 19
6720 6779 large 73 13
6780 6899 medium 40 0
6780 6839 large 62 2
6840 6959 small 34 14
6960 7139 medium 40 0
7020 7079 medium 55 15
7080 7139 small 37 17
7080 7139 large 74 14
7200 7319 medium 40 0
7320 7379 large 62 2
7380 7439 xlarge 98 18
7440 7499 large 79 19
7500 7559 tiny 3 3
7500 7559 tiny 6 6
7500 8039 medium 40 0
7500 7559 medium 55 15
7680 7739 small 34 14
7680 7739 small 39 19
7740 7799 large 62 2
8040 8099 large 73 13
8100 8279 medium 40 0
8340 8819 medium 40 0
8340 8399 large 71 11
8520 8579 large 67 7
8700 8759 tiny 6 6
8700 8759 tiny 18 18
8760 8879 small 34 14
9000 9059 large 62 2
9000 9059 xlarge 89 9
9060 9119 small 30 10
9060 9599 medium 40 0
9120 9179 xlarge 82 2
9180 9239 large 62 2
9240 9299 small 34 14
9300 9359 large 79 19
9420 9479 large 73 13
9540 9599 tiny 11 11
9540 9599 medium 48 8
9600 9659 tiny 6 6
9660 9959 medium 40 0
9660 9719 xlarge 82 2
9780 9899 large 62 2
9900 9959 medium 46 6
9960 10019 tiny 6 6
10020 10859 medium 40 0
10140 10199 small 26 6
10200 10259 medium 44 4
10260 10319 medium 51 11
10320 10379 xlarge 82 2
10380 10439 large 62 2
10440 10499 large 75 15
10440 10559 large 79 19
10440 10499 xlarge 89 9
10560 10619 small 34 14
10680 10739 tiny 6 6
10740 10799 large 75 15
10800 10859 xlarge 89 9
10920 10979 medium 40 0
11040 11219 medium 40 0
11040 11099 xlarge 86 6
11100 11159 tiny 6 6
11100 11159 medium 48 8
11100 11159 large 78 18
11160 11219 medium 55 15
11160 11219 xlarge 82 2
11220 11279 tiny 6 6
11220 11279 xlarge 89 9
11280 11339 small 34 14
11280 11519 medium 40 0
11340 11399 tiny 6 6
11520 11579 small 34 14
11520 11579 xlarge 82 2
11580 11639 medium 40 0
11640 11699 small 30 10
11640 11699 small 34 14
11700 11999 medium 40 0
11760 11819 tiny 6 6
11820 11879 tiny 12 12
11820 11879 large 62 2
11820 11879 xlarge 89 9
11880 11939 small 26 6
11940 11999 small 32 12
12060 12119 small 32 12
12060 12299 medium 40 0
12060 12119 xlarge 89 9
12300 12359 large 79 19
12360 12419 medium 40 0
12540 12659 medium 40 0
12600 12659 large 62 2
12600 12659 xlarge 89 9
12720 12779 xlarge 89 9
12840 12959 medium 40 0
12840 12899 xlarge 80 0
12900 12959 small 34 14
12960 13019 xlarge 82 2
13020 13139 medium 40 0
13200 13259 small 26 6
13260 13739 medium 40 0
13380 13439 large 75 15
13560 13619 xlarge 89 9
13620 13679 small 34 14
13620 13679 large 79 19
13920 13979 tiny 2 2
13920 14279 medium 40 0
14220 14279 small 34 14
14220 14279 small 37 17
14220 14279 xlarge 86 6
14340 14579 medium 40 0
14400 14519 tiny 6 6
14400 14459 large 75 15
14460 14519 small 26 6
14460 14519 medium 55 15
14460 14519 large 78 18
14520 14579 large 71 11
14580 14639 large 78 18
14640 14699 large 79 19
14700 14759 medium 40 0
14700 14759 xlarge 86 6
14760 14819 tiny 6 6
14820 15299 medium 40 0
14820 14879 xlarge 99 19
14880 14939 small 34 14
14940 14999 small 20 0
15180 15239 large 67 7
15360 15779 medium 40 0
15480 15599 medium 55 15
15540 15599 tiny 3 3
15720 15779 tiny 18 18
15720 15779 large 79 19
15780 15839 xlarge 86 6
15840 15899 tiny 6 6
15840 15959 medium 40 0
15900 15959 small 30 10
15900 15959 large 79 19
15960 16019 tiny 2 2
15960 16019 xlarge 89 9
16020 16079 small 34 14
16020 16079 xlarge 98 18
16080 16199 medium 40 0
16080 16139 medium 44 4
16140 16199 small 34 14
16140 16199 xlarge 86 6
16260 16439 medium 40 0
16320 16379 xlarge 89 9
16440 16499 small 34 14
16440 16499 xlarge 86 6
16440 16499 xlarge 89 9
16560 16619 tiny 18 18
16560 16619 small 34 14
16620 16679 medium 40 0
16740 17219 medium 40 0
16800 16859 large 75 15
16860 16919 tiny 10 10
16920 16979 tiny 6 6
16920 16979 small 34 14
17280 17339 small 34 14
17280 17339 medium 40 0
17280 17339 medium 52 12
17400 17819 medium 40 0
17460 17519 tiny 2 2
17460 17519 medium 52 12
17520 17579 tiny 11 11
17580 17639 medium 48 8
17640 17699 tiny 18 18
17700 17759 tiny 6 6
17880 17939 medium 40 0
18000 18059 medium 40 0
18060 18119 tiny 3 3
18060 18119 medium 52 12
18120 18179 medium 40 0
18300 18359 xlarge 93 13
18360 18659 medium 40 0
18480 18539 tiny 14 14
18480 18539 small 34 14
18600 18659 xlarge 98 18
18660 18719 small 34 14
18720 18779 xlarge 86 6
18780 19199 medium 40 0
18840 18899 xlarge 89 9
18900 19019 tiny 6 6
18900 18959 tiny 10 10
18900 18959 small 34 14
19020 19139 tiny 18 18
19020 19079 large 79 19
19080 19199 small 34 14
19260 19319 medium 40 0
19320 19379 medium 58 18
19380 19439 large 79 19
19440 19799 medium 40 0
19440 19499 xlarge 89 9
19560 19619 tiny 18 18
19740 19799 small 34 14
19800 19859 small 25 5
19860 19919 large 75 15
19860 19919 xlarge 86 6
19920 20039 medium 40 0
19980 20039 tiny 12 12
20040 20099 tiny 18 18
20100 20219 medium 40 0
20160 20219 large 62 2
20280 20339 tiny 18 18
20280 20339 medium 40 0
20280 20339 large 73 13
20460 20519 small 20 0
20460 20519 medium 52 12
20520 20999 medium 40 0
20580 20639 large 62 2
20580 20639 xlarge 86 6
20640 20699 xlarge 89 9
20880 20939 xlarge 86 6
21000 21059 large 67 7
21060 21239 medium 40 0
21120 21179 xlarge 82 2
21300 21419 medium 40 0
21360 21419 tiny 6 6
21420 21479 tiny 14 14
21480 21539 small 34 14
21480 21719 medium 40 0
21480 21539 medium 52 12
21540 21599 large 62 2
21540 21599 large 73 13
21600 21659 xlarge 89 9
21720 21779 tiny 6 6
21780 21839 small 20 0
21780 22139 medium 40 0
21840 21899 tiny 6 6
21960 22019 large 79 19
22020 22079 tiny 18 18
22260 22319 medium 40 0
22320 22379 small 34 14
22380 22439 medium 40 0
22440 22499 large 62 2
22440 22499 large 78 18
22440 22499 xlarge 82 2
22500 22559 medium 54 14
22560 22739 medium 40 0
22620 22679 large 62 2
22740 22799 large 62 2
22740 22799 xlarge 89 9
22800 23399 medium 40 0
22920 22979 large 75 15
22920 22979 xlarge 93 13
22980 23039 medium 46 6
22980 23039 large 79 19
22980 23039 xlarge 98 18
23100 23159 xlarge 98 18
23280 23339 xlarge 89 9
23460 23519 small 20 0
23460 23639 medium 40 0
23520 23579 small 34 14
23640 23699 large 62 2
23700 23759 tiny 11 11
23700 23759 small 20 0
23700 23879 medium 40 0
23880 23939 xlarge 87 7
23940 24479 medium 40 0
24060 24119 large 73 13
24120 24179 small 31 11
24300 24359 small 34 14
24480 24539 large 62 2
24540 24599 small 34 14
24600 24719 medium 40 0
24660 24719 medium 48 8
24780 24839 small 34 14
24780 25139 medium 40 0
24960 25019 medium 46 6
24960 25019 large 73 13
24960 25019 large 75 15
25020 25079 small 34 14
25020 25079 xlarge 82 2
25080 25139 large 62 2
25200 26219 medium 40 0
25260 25319 small 20 0
25260 25319 large 62 2
25320 25379 small 34 14
25320 25379 xlarge 82 2
25380 25439 small 37 17
25440 25499 medium 55 15
25500 25559 large 73 13
25560 25619 small 37 17
25560 25619 xlarge 82 2
25620 25679 large 74 14
25680 25739 small 34 14
25800 25859 xlarge 86 6
25860 25919 medium 48 8
25980 26039 medium 46 6
25980 26039 xlarge 82 2
26100 26159 medium 41 1
26220 26279 medium 54 14
26280 26879 medium 40 0
26280 26339 medium 51 11
26340 26399 large 62 2
26400 26459 xlarge 89 9
26520 26579 large 62 2
26640 26699 tiny 11 11
26640 26699 medium 46 6
26640 26699 medium 48 8
26700 26759 small 25 5
26700 26819 small 37 17
26760 26819 xlarge 82 2
26820 26879 medium 44 4
26940 26999 small 26 6
27000 27179 medium 40 0
27120 27179 small 30 10
27120 27179 small 34 14
27120 27179 large 79 19
27180 27239 tiny 11 11
27180 27239 large 78 18
27300 27359 medium 40 0
27360 27419 small 30 10
27420 27479 medium 40 0
27540 27839 medium 40 0
27780 27899 xlarge 88 8
27840 27899 xlarge 82 2
27900 27959 tiny 18 18
27900 28019 medium 40 0
28020 28079 tiny 6 6
28140 28199 small 37 17
28140 28199 medium 40 0
28260 28319 small 34 14
28260 28739 medium 40 0
28260 28319 large 74 14
28380 28439 large 75 15
28620 28679 small 34 14
28680 28739 large 62 2
28860 28919 xlarge 89 9
28920 29459 medium 40 0
29040 29099 xlarge 99 19
29100 29219 medium 48 8
29340 29399 xlarge 94 14
29400 29459 large 78 18
29700 29759 medium 40 0
29760 29819 tiny 18 18
29880 30299 medium 40 0
29940 29999 medium 55 15
30000 30059 medium 59 19
30120 30179 small 25 5
30240 30299 small 37 17
30300 30359 xlarge 86 6
30360 31499 medium 40 0
30480 30539 medium 55 15
30540 30599 xlarge 86 6
30600 30659 medium 51 11
30600 30719 large 62 2
30660 30719 small 34 14
30720 30779 tiny 14 14
30780 30839 medium 44 4
30840 30899 medium 55 15
30840 30899 xlarge 99 19
30900 30959 tiny 12 12
30960 31019 large 78 18
31080 31139 medium 48 8
31140 31199 small 37 17
31200 31259 large 65 5
31380 31439 xlarge 88 8
31440 31559 small 34 14
31500 31559 small 33 13
31500 31559 xlarge 86 6
31560 31619 xlarge 89 9
31620 31799 medium 40 0
31620 31679 xlarge 86 6
31740 31799 medium 46 6
31860 31979 medium 40 0
31920 31979 tiny 4 4
31920 31979 small 26 6
31920 31979 medium 44 4
31980 32039 small 37 17
32040 32819 medium 40 0
32160 32219 small 34 14
32160 32219 xlarge 89 9
32340 32399 tiny 19 19
32460 32519 small 30 10
32580 32639 small 39 19
32640 32699 tiny 2 2
32640 32699 small 32 12
32700 32759 tiny 11 11
32880 33239 medium 40 0
32880 32939 large 62 2
33120 33179 tiny 0 0
33300 33359 small 34 14
33300 33359 medium 40 0
33360 33419 large 79 19
33480 33539 xlarge 86 6
33480 33539 xlarge 89 9
33540 33599 medium 40 0
33660 33719 medium 40 0
33720 33779 tiny 6 6
33780 34079 medium 40 0
33900 33959 medium 55 15
34020 34079 small 34 14
34020 34079 xlarge 89 9
34080 34139 tiny 18 18
34080 34139 large 73 13
34140 34739 medium 40 0
34260 34319 tiny 18 18
34440 34499 tiny 18 18
34440 34499 small 37 17
34440 34499 xlarge 89 9
34560 34679 large 62 2
34560 34619 xlarge 86 6
34620 34679 medium 48 8
34740 34799 large 63 3
34800 34859 medium 40 0
34920 35579 medium 40 0
34980 35039 tiny 18 18
35040 35099 small 34 14
35040 35099 large 63 3
35160 35219 tiny 6 6
35220 35279 large 73 13
35280 35339 small 34 14
35340 35399 tiny 6 6
35340 35399 small 37 17
35460 35519 xlarge 89 9
35580 35639 large 62 2
35580 35639 large 73 13
35640 35699 medium 48 8
35700 35759 tiny 19 19
35700 35999 medium 40 0
35700 35759 xlarge 86 6
35700 35759 xlarge 89 9
35760 35819 small 33 13
35940 35999 tiny 18 18
35940 36059 small 34 14
35940 35999 small 37 17
35940 35999 xlarge 98 18
36000 36059 xlarge 89 9
36060 36419 medium 40 0
36120 36179 small 34 14
36120 36179 xlarge 99 19
36420 36479 xlarge 89 9
36600 36659 medium 40 0
36600 36659 medium 46 6
36720 36779 medium 40 0
36720 36779 large 75 15
36720 36779 xlarge 86 6
36720 36779 xlarge 89 9
36780 36839 small 30 10
36900 37379 medium 40 0
37200 37259 small 25 5
37320 37379 xlarge 89 9
37380 37439 large 62 2
37440 37559 medium 40 0
37500 37559 small 34 14
37560 37619 large 62 2
37620 37919 medium 40 0
37800 37859 medium 48 8
37800 37859 large 79 19
37980 38039 tiny 4 4
38040 38519 medium 40 0
38040 38099 medium 46 6
38160 38219 xlarge 96 16
38220 38279 large 75 15
38220 38279 xlarge 89 9
38280 38339 large 62 2
38580 38819 medium 40 0
38640 38759 xlarge 89 9
38700 38759 small 39 19
38760 38819 xlarge 86 6
38880 38999 medium 40 0
39060 39239 medium 40 0
39300 39359 small 29 9
39300 39719 medium 40 0
39360 39479 xlarge 89 9
39420 39479 tiny 12 12
39420 39479 large 67 7
39480 39539 tiny 19 19
39480 39539 large 68 8
39540 39599 tiny 6 6
39780 40139 medium 40 0
39840 39899 small 34 14
39900 39959 medium 48 8
39960 40019 large 79 19
40020 40079 xlarge 89 9
40080 40139 small 20 0
40080 40139 large 75 15
40080 40139 xlarge 82 2
40140 40199 small 34 14
40200 40319 medium 40 0
40260 40379 tiny 6 6
40260 40319 xlarge 89 9
40380 40799 medium 40 0
40440 40499 small 25 5
40440 40499 large 79 19
40500 40559 small 30 10
40560 40619 large 62 2
40620 40679 large 79 19
40680 40799 tiny 2 2
40920 40979 tiny 16 16
40980 41339 medium 40 0
40980 41039 medium 55 15
41040 41099 tiny 18 18
41220 41279 xlarge 89 9
41400 41459 small 34 14
41400 42059 medium 40 0
41520 41579 large 62 2
41580 41639 small 34 14
41580 41639 large 75 15
41640 41699 medium 48 8
41640 41699 large 74 14
41640 41699 xlarge 86 6
41940 41999 small 37 17
41940 42059 large 79 19
42000 42059 small 34 14
42120 42479 medium 40 0
42180 42239 medium 48 8
42300 42359 small 34 14
42540 42599 small 34 14
42540 42659 medium 40 0
42600 42659 medium 55 15
42660 42719 xlarge 83 3
42720 43019 medium 40 0
42720 42779 large 79 19
42780 42839 xlarge 89 9
42840 42899 small 26 6
42900 42959 tiny 14 14
42960 43019 small 34 14
43020 43079 small 24 4
43080 43439 medium 40 0
43080 43139 medium 48 8
43200 43259 medium 48 8
43380 43439 tiny 6 6
43500 43559 small 34 14
43500 43619 medium 40 0
43680 43799 medium 40 0
43740 43799 large 79 19
43860 43919 small 34 14
43860 44219 medium 40 0
43920 43979 tiny 12 12
43920 43979 medium 45 5
43980 44039 tiny 1 1
43980 44039 small 34 14
43980 44039 xlarge 84 4
44100 44159 xlarge 83 3
44220 44279 tiny 6 6
44280 44339 medium 40 0
44280 44339 xlarge 89 9
44400 44579 medium 40 0
44460 44519 small 26 6
44520 44579 xlarge 86 6
44580 44639 small 25 5
44640 44879 medium 40 0
44700 44759 medium 52 12
44940 44999 large 75 15
45000 45059 medium 40 0
45060 45119 tiny 18 18
45120 45539 medium 40 0
45420 45479 small 34 14
45600 45719 medium 40 0
45660 45719 large 62 2
45780 46199 medium 40 0
45840 45899 large 62 2
45900 45959 small 37 17
45900 45959 large 68 8
45960 46019 tiny 3 3
46260 46439 medium 40 0
46260 46319 medium 59 19
46320 46379 small 34 14
46440 46499 small 34 14
46500 46739 medium 40 0
46500 46559 large 62 2
46560 46619 large 77 17
46680 46739 small 34 14
46680 46739 xlarge 87 7
46740 46799 medium 41 1
46740 46799 medium 52 12
46740 46799 medium 53 13
46740 46799 medium 54 14
46920 46979 medium 40 0
47040 47099 small 34 14
47100 47339 medium 40 0
47220 47279 tiny 14 14
47280 47339 xlarge 86 6
47340 47399 xlarge 89 9
47400 47459 small 34 14
47400 47759 medium 40 0
47400 47459 large 62 2
47460 47519 large 79 19
47760 47819 large 75 15
47820 47879 small 34 14
47820 47879 medium 40 0
47940 48299 medium 40 0
48000 48059 xlarge 89 9
48180 48299 large 75 15
48360 48419 small 30 10
48360 48659 medium 40 0
48600 48659 xlarge 98 18
48660 48719 large 75 15
48720 48779 tiny 6 6
48720 48959 medium 40 0
48720 48779 large 68 8
48780 48839 small 34 14
48780 48839 large 62 2
48840 48899 large 73 13
48840 48899 xlarge 87 7
48900 48959 xlarge 88 8
49080 49139 large 75 15
49140 49619 medium 40 0
49140 49199 xlarge 89 9
49200 49259 small 37 17
49260 49319 large 76 16
49320 49379 large 62 2
49320 49379 large 78 18
49380 49439 medium 55 15
49380 49439 xlarge 86 6
49620 49679 large 62 2
49680 49739 tiny 10 10
49680 49739 small 34 14
49680 49799 medium 40 0
49860 50339 medium 40 0
49980 50039 tiny 19 19
50040 50099 small 34 14
50220 50279 small 34 14
50220 50279 large 73 13
50280 50339 large 62 2
50400 50459 tiny 11 11
50400 50819 medium 40 0
50580 50639 large 62 2
50640 50699 large 75 15
50880 50939 tiny 2 2
50880 51059 medium 40 0
50880 50939 large 75 15
50940 50999 large 67 7
51060 51119 xlarge 89 9
51120 51239 medium 40 0
51240 51299 medium 46 6
51300 51479 medium 40 0
51360 51419 small 37 17
51360 51419 medium 51 11
51420 51479 small 30 10
51480 51539 small 29 9
51540 51779 medium 40 0
51540 51599 xlarge 82 2
51660 51719 large 79 19
51900 51959 tiny 19 19
51900 52379 medium 40 0
52020 52079 xlarge 89 9
52080 52139 xlarge 82 2
52140 52199 medium 46 6
52200 52259 tiny 10 10
52260 52319 tiny 18 18
52320 52379 tiny 11 11
52320 52379 small 34 14
52440 52559 medium 40 0
52440 52499 xlarge 89 9
52560 52619 large 79 19
52560 52619 xlarge 98 18
52620 52679 medium 40 0
52740 52979 medium 40 0
52860 52919 tiny 18 18
52920 52979 tiny 6 6
52920 52979 small 32 12
52920 52979 small 37 17
53040 53099 medium 40 0
53160 53219 tiny 19 19
53160 53519 medium 40 0
53460 53519 large 65 5
53520 53579 small 34 14
53520 53579 xlarge 89 9
53640 53699 large 75 15
53640 53699 xlarge 92 12
53700 53759 xlarge 82 2
53760 53819 tiny 0 0
53760 53819 tiny 2 2
53760 53819 small 37 17
53760 54299 medium 40 0
53820 53879 large 62 2
53880 53999 small 34 14
53940 53999 large 62 2
54000 54059 small 39 19
54000 54059 medium 46 6
54000 54059 xlarge 99 19
54060 54119 medium 48 8
54060 54119 xlarge 89 9
54180 54239 small 34 14
54240 54299 large 62 2
54300 54359 large 75 15
54360 54419 small 34 14
54360 54659 medium 40 0
54420 54479 tiny 19 19
54420 54479 medium 48 8
54480 54539 large 74 14
54660 54719 tiny 6 6
54720 54779 medium 40 0
54900 55199 medium 40 0
54960 55019 small 34 14
54960 55019 xlarge 89 9
55080 55139 xlarge 92 12
55260 55439 medium 40 0
55320 55379 large 75 15
55380 55439 small 34 14
55440 55499 small 20 0
55500 55619 small 37 17
55500 55739 medium 40 0
55500 55559 large 79 19
55560 55619 large 62 2
55620 55679 tiny 6 6
55620 55679 large 75 15
55740 55799 xlarge 86 6
55800 56459 medium 40 0
56040 56099 small 34 14
56160 56219 xlarge 89 9
56220 56279 tiny 19 19
56400 56459 xlarge 89 9
56520 56579 small 20 0
56520 56579 medium 40 0
56520 56579 large 62 2
56640 56699 tiny 6 6
56700 56759 medium 40 0
56700 56759 large 79 19
56760 56819 medium 48 8
56820 56939 medium 40 0
56820 56879 xlarge 86 6
56880 56939 small 20 0
56940 56999 xlarge 89 9
57000 57179 medium 40 0
57060 57119 tiny 6 6
57060 57119 large 68 8
57060 57119 xlarge 82 2
57120 57179 small 34 14
57240 57359 medium 40 0
57300 57359 small 34 14
57300 57359 medium 44 4
57420 57959 medium 40 0
57480 57539 large 62 2
57540 57599 tiny 6 6
57540 57599 large 71 11
57600 57659 tiny 4 4
57720 57779 xlarge 89 9
57960 58019 small 34 14
58020 58139 medium 40 0
58080 58259 small 34 14
58080 58139 large 75 15
58200 58259 medium 40 0
58200 58259 medium 46 6
58380 58439 small 34 14
58380 58559 medium 40 0
58440 58499 large 62 2
58440 58499 large 75 15
58620 59159 medium 40 0
58680 58739 small 34 14
58740 58799 xlarge 82 2
58860 58919 small 33 13
58860 58919 large 75 15
58980 59039 xlarge 93 13
59040 59099 small 34 14
59220 59279 tiny 6 6
59220 59819 medium 40 0
59220 59279 large 62 2
59340 59399 large 71 11
59880 59939 small 37 17
59880 60179 medium 40 0
60000 60059 small 20 0
60120 60179 tiny 3 3
60240 60479 medium 40 0
60300 60359 small 25 5
60360 60419 large 63 3
60480 60539 large 62 2
60540 61139 medium 40 0
60540 60599 medium 41 1
60540 60599 xlarge 89 9
60540 60599 xlarge 92 12
60600 60659 small 20 0
60900 60959 large 75 15
60960 61019 xlarge 89 9
61080 61139 tiny 2 2
61080 61139 xlarge 82 2
61140 61199 medium 55 15
61200 61679 medium 40 0
61440 61499 tiny 6 6
61440 61499 large 62 2
61500 61559 large 75 15
61560 61619 xlarge 89 9
61620 61679 small 26 6
61680 61739 tiny 18 18
61740 61799 small 34 14
61740 61919 medium 40 0
61920 61979 large 75 15
61980 62579 medium 40 0
62100 62159 tiny 8 8
62100 62159 xlarge 89 9
62160 62219 small 32 12
62220 62279 tiny 18 18
62280 62339 xlarge 89 9
62400 62459 medium 55 15
62460 62519 large 73 13
62580 62639 large 62 2
62640 62699 medium 40 0
62640 62699 large 75 15
62760 63059 medium 40 0
62820 62879 large 62 2
62820 62879 large 73 13
62940 62999 small 37 17
62940 62999 large 62 2
63180 63719 medium 40 0
63240 63299 tiny 19 19
63420 63479 large 62 2
63480 63539 small 34 14
63540 63599 large 62 2
63660 63719 xlarge 89 9
63720 63779 tiny 10 10
63720 63779 small 39 19
63780 64379 medium 40 0
63840 63899 small 34 14
63900 63959 tiny 6 6
63900 63959 xlarge 89 9
63960 64019 small 26 6
63960 64019 small 30 10
63960 64019 large 62 2
64020 64079 small 37 17
64140 64199 small 34 14
64260 64319 small 25 5
64320 64379 small 37 17
64380 64439 tiny 3 3
64380 64439 tiny 6 6
64500 64559 tiny 18 18
64500 64679 medium 40 0
64800 64859 small 20 0
64800 64859 small 37 17
64800 64919 medium 40 0
64800 64859 large 75 15
64800 64859 xlarge 89 9
64860 64919 tiny 18 18
64980 65819 medium 40 0
65040 65099 medium 54 14
65100 65159 large 63 3
65160 65219 tiny 19 19
65220 65279 tiny 6 6
65280 65339 small 34 14
65340 65399 tiny 6 6
65400 65459 tiny 2 2
65460 65519 medium 51 11
65880 66239 medium 40 0
65880 65939 xlarge 98 18
65940 65999 small 37 17
66060 66119 large 75 15
66120 66179 xlarge 89 9
66300 66359 medium 40 0
66420 66479 medium 40 0
66480 66539 tiny 19 19
66480 66539 small 26 6
66480 66539 medium 44 4
66540 66779 medium 40 0
66540 66599 xlarge 82 2
66600 66659 tiny 19 19
66600 66659 large 78 18
66780 66839 large 62 2
66780 66959 xlarge 89 9
66840 67199 medium 40 0
66960 67019 xlarge 81 1
67020 67079 small 26 6
67020 67079 small 37 17
67200 67259 small 34 14
67260 67439 medium 40 0
67260 67319 medium 51 11
67260 67319 xlarge 98 18
67380 67439 small 37 17
67440 67499 medium 55 15
67500 67619 small 30 10
67500 67799 medium 40 0
67740 67799 small 34 14
67740 67799 xlarge 86 6
67860 67919 tiny 6 6
67860 68039 medium 40 0
67860 67919 large 62 2
68040 68099 small 20 0
68100 68159 tiny 3 3
68100 68699 medium 40 0
68400 68519 small 34 14
68580 68639 small 39 19
68640 68699 xlarge 87 7
68700 68759 xlarge 89 9
68760 68999 medium 40 0
68880 68939 tiny 18 18
68940 68999 large 75 15
69060 69119 medium 40 0
69120 69179 small 34 14
69180 69299 medium 40 0
69240 69299 large 62 2
69360 69419 small 34 14
69360 69479 medium 40 0
69420 69479 medium 48 8
69540 69599 medium 40 0
69540 69599 large 75 15
69660 69779 medium 40 0
69660 69719 xlarge 82 2
69780 69839 small 34 14
69780 69839 small 37 17
69780 69839 large 62 2
69840 69959 medium 40 0
70020 70079 tiny 19 19
70020 70379 medium 40 0
70080 70139 tiny 6 6
70140 70199 tiny 2 2
70140 70199 medium 55 15
70260 70319 tiny 6 6
70260 70319 xlarge 89 9
70320 70379 small 26 6
70320 70379 small 39 19
70320 70379 medium 48 8
70320 70379 xlarge 86 6
70380 70439 large 62 2
70380 70439 xlarge 89 9
70500 70619 medium 40 0
70500 70559 large 75 15
70560 70619 small 34 14
70560 70619 medium 55 15
70680 71039 medium 40 0
70680 70739 large 62 2
70860 70919 tiny 12 12
70860 70919 large 62 2
70920 70979 xlarge 89 9
70980 71039 small 30 10
71040 71099 xlarge 89 9
71100 71339 medium 40 0
71220 71279 small 34 14
71220 71279 small 37 17
71220 71339 xlarge 89 9
71280 71339 xlarge 98 18
71460 71579 medium 40 0
71580 71639 small 34 14
71580 71639 medium 44 4
71580 71639 medium 54 14
71640 71699 medium 40 0
71760 71819 small 20 0
71760 71819 small 34 14
71760 71939 medium 40 0
71820 71879 xlarge 82 2
71880 71939 tiny 6 6
72000 72059 small 37 17
72000 72119 medium 40 0
72000 72059 large 62 2
72060 72119 medium 55 15
72180 73559 medium 40 0
72480 72539 tiny 0 0
72660 72719 tiny 14 14
72720 72839 xlarge 89 9
72840 72899 tiny 14 14
72900 72959 medium 51 11
72960 73019 large 62 2
73200 73259 small 34 14
73260 73319 tiny 18 18
73320 73379 small 37 17
73320 73379 large 75 15
73320 73379 xlarge 89 9
73620 73679 tiny 7 7
73620 73679 small 20 0
73620 73859 medium 40 0
73620 73679 medium 55 15
73680 73739 tiny 0 0
73740 73799 medium 59 19
73860 73919 large 75 15
73860 73919 large 79 19
73920 74219 medium 40 0
73980 74039 small 34 14
73980 74039 large 63 3
74040 74099 large 62 2
74220 74279 xlarge 89 9
74340 74459 medium 40 0
74400 74459 tiny 10 10
74520 74579 tiny 4 4
74520 74819 medium 40 0
74520 74579 large 75 15
74640 74699 small 20 0
74640 74699 large 62 2
74640 74699 large 78 18
74760 74819 large 75 15
74880 75119 medium 40 0
74880 74939 xlarge 82 2
74880 74939 xlarge 92 12
75180 75299 medium 40 0
75240 75299 medium 46 6
75240 75299 xlarge 93 13
75360 75419 small 26 6
75360 75479 small 34 14
75360 75419 xlarge 89 9
75420 75899 medium 40 0
75480 75539 small 26 6
75600 75659 xlarge 89 9
75720 75779 large 63 3
75780 75899 small 37 17
75840 75899 medium 55 15
75840 75899 large 62 2
75840 75899 large 70 10
75900 75959 large 73 13
75960 76079 medium 40 0
76020 76079 large 62 2
76140 76199 medium 40 0
76260 76319 large 62 2
76320 76499 medium 40 0
76320 76379 large 78 18
76380 76439 xlarge 89 9
76440 76499 small 34 14
76440 76499 small 37 17
76500 76559 large 75 15
76620 76859 medium 40 0
76620 76679 xlarge 89 9
76680 76739 xlarge 87 7
76740 76799 tiny 18 18
76740 76799 large 75 15
76800 76859 tiny 4 4
76860 76919 large 75 15
76980 77639 medium 40 0
76980 77039 medium 55 15
77220 77279 small 30 10
77220 77279 large 75 15
77280 77339 medium 51 11
77340 77399 medium 58 18
77640 77699 small 34 14
77700 78299 medium 40 0
77760 77819 large 76 16
77880 77939 large 62 2
77940 77999 small 34 14
78000 78059 xlarge 89 9
78120 78179 small 26 6
78120 78179 medium 52 12
78120 78179 large 73 13
78180 78239 small 30 10
78240 78299 tiny 6 6
78360 78419 medium 40 0
78480 78719 medium 40 0
78540 78599 large 62 2
78660 78719 large 62 2
78780 78899 medium 40 0
78780 78839 large 75 15
78900 78959 tiny 11 11
78900 78959 large 62 2
78900 78959 large 75 15
78960 79019 small 20 0
78960 79139 medium 40 0
79080 79139 medium 55 15
79140 79199 large 73 13
79200 79319 tiny 19 19
79200 79259 small 34 14
79200 79259 medium 40 0
79320 79379 large 62 2
79440 79739 medium 40 0
79560 79619 xlarge 89 9
79620 79679 xlarge 82 2
79740 79799 small 25 5
79740 79799 medium 55 15
79740 79799 xlarge 89 9
79800 79859 large 78 18
79920 81059 medium 40 0
79980 80039 large 73 13
80040 80099 medium 59 19
80040 80099 xlarge 89 9
80100 80159 medium 54 14
80220 80279 large 71 11
80280 80339 small 26 6
80760 80819 tiny 6 6
80760 80819 large 62 2
80760 80819 xlarge 86 6
81000 81059 tiny 0 0
81060 81119 small 20 0
81120 81239 medium 40 0
81240 81299 small 31 11
81240 81299 small 32 12
81240 81299 small 34 14
81300 81839 medium 40 0
81420 81479 tiny 6 6
81420 81479 medium 44 4
81480 81539 medium 48 8
81540 81599 xlarge 93 13
81600 81659 large 75 15
81660 81719 tiny 18 18
81900 82199 medium 40 0
82020 82079 large 75 15
82140 82199 large 63 3
82140 82199 xlarge 89 9
82200 82319 small 26 6
82320 82379 small 37 17
82320 82439 medium 40 0
82440 82499 large 62 2
82500 83699 medium 40 0
82500 82559 xlarge 89 9
82680 82739 tiny 6 6
82680 82739 medium 55 15
82800 82859 small 37 17
82800 82859 large 62 2
82980 83039 medium 55 15
83160 83219 tiny 19 19
83220 83279 tiny 2 2
83280 83339 large 79 19
83340 83399 medium 48 8
83340 83399 xlarge 89 9
83460 83579 large 62 2
83460 83519 large 75 15
83460 83519 xlarge 81 1
83640 83699 large 75 15
83700 83759 small 34 14
83760 84059 medium 40 0
83820 83879 large 78 18
84000 84059 xlarge 86 6
84120 84659 medium 40 0
84180 84239 small 34 14
84240 84299 medium 55 15
84420 84479 xlarge 82 2
84480 84539 tiny 18 18
84480 84539 xlarge 89 9
84720 84779 medium 40 0
84780 84839 small 25 5
84840 84899 medium 40 0
84960 85739 medium 40 0
85020 85079 tiny 2 2
85140 85199 tiny 14 14
85200 85259 medium 48 8
85200 85259 xlarge 89 9
85260 85319 small 34 14
85320 85379 tiny 18 18
85320 85379 small 39 19
85500 85559 large 79 19
85560 85619 tiny 6 6
85680 85739 large 73 13
85680 85739 large 79 19
85740 85799 medium 55 15
85800 85859 medium 40 0
85800 85859 xlarge 86 6
85920 86159 medium 40 0
85980 86039 small 37 17
85980 86039 large 62 2
86100 86159 small 34 14
86100 86159 large 62 2
86220 86459 medium 40 0
86220 86279 xlarge 89 9
86280 86339 tiny 10 10
86280 86339 medium 48 8
86400 86459 small 37 17
86400 86459 large 79 19
86460 86519 xlarge 82 2
86520 86939 medium 40 0
86520 86579 xlarge 81 1
86640 86699 small 30 10
86640 86699 small 34 14
86640 86699 large 62 2
86700 86759 xlarge 89 9
86700 86759 xlarge 98 18
86820 86879 tiny 7 7
86820 86879 small 37 17
86820 86879 xlarge 89 9
87000 87599 medium 40 0
87000 87059 large 73 13
87240 87299 small 37 17
87240 87299 xlarge 89 9
87300 87359 large 62 2
87360 87419 small 20 0
87480 87539 medium 59 19
87480 87539 xlarge 89 9
87540 87599 small 34 14
87600 87659 medium 46 6
87660 87959 medium 40 0
87720 87779 medium 51 11
87780 87839 large 62 2
88020 88259 medium 40 0
88020 88079 xlarge 89 9
88140 88199 medium 54 14
88140 88199 medium 59 19
88140 88199 xlarge 81 1
88200 88259 large 62 2
88380 88979 medium 40 0
88440 88499 medium 55 15
88440 88559 large 62 2
88740 88859 xlarge 89 9
88800 88859 small 34 14
88860 88919 large 79 19
88920 88979 xlarge 82 2
88980 89039 tiny 6 6
89040 89099 medium 40 0
89040 89099 large 68 8
89100 89159 tiny 6 6
89160 89519 medium 40 0
89400 89459 xlarge 82 2
89400 89459 xlarge 89 9
89460 89519 small 34 14
89520 89579 tiny 6 6
89580 89639 tiny 19 19
89580 90479 medium 40 0
89580 89639 xlarge 89 9
89700 89759 small 34 14
89700 89759 large 62 2
89820 89879 small 37 17
89880 89939 tiny 10 10
89940 89999 large 73 13
90120 90179 tiny 2 2
90120 90179 small 34 14
90480 90539 large 62 2
90600 90659 small 34 14
90600 90779 medium 40 0
90660 90719 tiny 19 19
90840 91079 medium 40 0
90960 91019 small 34 14
91020 91079 tiny 2 2
91020 91079 tiny 18 18
91080 91139 small 34 14
91140 91199 large 79 19
91200 91319 medium 40 0
91260 91319 tiny 7 7
91260 91319 large 62 2
91380 91499 medium 40 0
91440 91499 small 26 6
91440 91499 medium 55 15
91500 91559 medium 54 14
91500 91559 large 74 14
91560 91619 tiny 18 18
91560 91859 medium 40 0
91620 91679 small 30 10
91800 91859 large 79 19
91800 91859 xlarge 89 9
91860 91919 xlarge 82 2
91920 91979 medium 40 0
91920 91979 medium 48 8
92040 92099 small 29 9
92040 92099 small 34 14
92040 92399 medium 40 0
92160 92219 xlarge 86 6
92280 92339 small 34 14
92280 92339 medium 46 6
92340 92399 medium 48 8
92340 92399 xlarge 82 2
92400 92459 small 20 0
92460 92519 xlarge 89 9
92520 92579 small 37 17
92520 92759 medium 40 0
92640 92699 tiny 6 6
92760 92819 small 20 0
92820 93179 medium 40 0
92820 92939 large 62 2
92880 92939 xlarge 88 8
92940 92999 tiny 19 19
92940 92999 large 79 19
93060 93119 medium 54 14
93240 93719 medium 40 0
93300 93359 tiny 2 2
93300 93359 small 37 17
93300 93359 large 79 19
93420 93479 medium 48 8
93660 93719 xlarge 86 6
93780 94019 medium 40 0
94020 94079 tiny 6 6
94020 94079 small 34 14
94080 94379 medium 40 0
94140 94199 tiny 10 10
94260 94319 small 30 10
94320 94379 small 34 14
94320 94379 large 62 2
94380 94439 large 76 16
94440 94499 medium 40 0
94500 94559 tiny 18 18
94560 94919 medium 40 0
94620 94679 medium 46 6
94680 94739 medium 52 12
94800 94859 large 78 18
94800 94859 xlarge 81 1
94980 95159 medium 40 0
95100 95159 large 79 19
95220 95279 small 25 5
95220 95279 medium 40 0
95280 95339 large 62 2
95340 95579 medium 40 0
95400 95459 large 68 8
95640 95699 small 30 10
95700 95939 medium 40 0
95940 95999 small 34 14
95940 95999 large 62 2
96000 96179 medium 40 0
96060 96119 medium 46 6
96060 96119 xlarge 92 12
96120 96179 tiny 6 6
96240 96479 medium 40 0
96300 96419 large 75 15
96540 96599 large 75 15
96600 97199 medium 40 0
96720 96779 medium 48 8
96720 96779 large 62 2
96840 96899 xlarge 86 6
96900 97019 large 78 18
96900 96959 xlarge 89 9
96960 97019 small 39 19
97020 97079 xlarge 89 9
97140 97199 tiny 4 4
97260 97319 tiny 10 10
97260 97859 medium 40 0
97260 97319 large 75 15
97380 97439 large 62 2
97560 97619 xlarge 89 9
97680 97799 small 20 0
97740 97799 small 37 17
97800 97859 medium 46 6
97860 97919 xlarge 86 6
97920 98699 medium 40 0
98220 98279 medium 48 8
98280 98339 small 34 14
98340 98399 tiny 19 19
98520 98579 tiny 6 6
98520 98579 small 37 17
98700 98759 large 63 3
98700 98759 xlarge 89 9
98760 98819 tiny 0 0
98820 98879 xlarge 89 9
98880 99119 medium 40 0
98880 98939 large 75 15
98940 98999 tiny 2 2
99000 99059 tiny 6 6
99000 99059 medium 55 15
99060 99119 large 62 2
99180 99359 medium 40 0
99300 99359 small 34 14
99420 99719 medium 40 0
99600 99659 tiny 0 0
99720 99779 small 34 14
99780 100919 medium 40 0
99840 99899 large 76 16
99900 99959 tiny 4 4
99900 99959 large 62 2
100080 100139 small 30 10
100140 100199 small 26 6
100140 100199 large 75 15
100200 100259 small 37 17
100200 100259 large 62 2
100320 100379 xlarge 89 9
100560 100619 small 37 17
100920 100979 xlarge 89 9
100980 101039 small 37 17
101100 101399 medium 40 0
101460 101639 medium 40 0
101640 101699 small 37 17
101700 101999 medium 40 0
101820 101879 tiny 18 18
101880 101939 small 34 14
102060 102479 medium 40 0
102120 102179 tiny 11 11
102120 102179 small 37 17
102300 102359 small 37 17
102360 102419 medium 48 8
102480 102539 small 34 14
102480 102539 large 73 13
102540 102719 medium 40 0
102540 102599 large 62 2
102660 102719 small 34 14
102660 102719 large 75 15
102720 102779 tiny 3 3
102720 102779 xlarge 89 9
102780 102959 medium 40 0
102840 102899 small 20 0
102960 103019 tiny 6 6
102960 103019 large 62 2
103020 103079 medium 40 0
103140 103379 medium 40 0
103200 103259 tiny 6 6
103440 103499 medium 40 0
103500 103559 medium 41 1
103500 103559 xlarge 89 9
103560 103619 small 26 6
103560 103619 medium 40 0
103680 103799 medium 40 0
103680 103739 medium 44 4
103740 103799 xlarge 89 9
103800 103859 medium 44 4
103860 103979 medium 40 0
103920 103979 tiny 6 6
104040 104639 medium 40 0
104400 104459 xlarge 89 9
104460 104519 xlarge 86 6
104520 104579 small 34 14
104640 104699 medium 46 6
104640 104699 large 63 3
104640 104699 xlarge 80 0
104700 104759 medium 40 0
104760 104819 small 34 14
104760 104819 medium 55 15
104760 104819 xlarge 82 2
104820 104879 small 37 17
104880 104939 xlarge 89 9
104940 105179 medium 40 0
105060 105119 small 25 5
105060 105119 small 34 14
105060 105119 large 68 8
105180 105239 tiny 2 2
105240 105299 tiny 6 6
105240 105659 medium 40 0
105240 105299 xlarge 89 9
105360 105419 xlarge 89 9
105420 105479 small 25 5
105420 105479 large 75 15
105540 105599 small 34 14
105600 105659 medium 56 16
105600 105659 large 62 2
105660 105719 large 71 11
105720 106019 medium 40 0
105780 105839 xlarge 88 8
105840 105899 large 75 15
106020 106079 medium 44 4
106080 106139 tiny 18 18
106080 106319 medium 40 0
106380 106559 medium 40 0
106440 106499 tiny 4 4
106500 106559 medium 46 6
106560 106619 medium 55 15
106560 106619 large 75 15
106620 106679 medium 46 6
106620 106679 large 62 2
106680 107279 medium 40 0
106800 106859 tiny 14 14
106800 106859 large 67 7
106800 106859 xlarge 86 6
107100 107159 tiny 12 12
107100 107219 large 75 15
107220 107279 xlarge 89 9
107340 107459 small 34 14
107340 107399 large 62 2
107520 107579 tiny 8 8
107520 107639 medium 40 0
107700 107939 medium 40 0
107760 107819 large 62 2
107760 107819 xlarge 89 9
107880 107939 small 30 10
107940 107999 small 25 5
107940 107999 small 26 6
107940 107999 large 79 19
107940 107999 xlarge 88 8
107940 107999 xlarge 89 9
108000 108179 medium 40 0
108120 108179 small 30 10
108120 108179 medium 55 15
108240 108299 medium 51 11
108300 108419 medium 40 0
108360 108419 small 34 14
108420 108479 xlarge 81 1
108480 108539 small 34 14
108480 108779 medium 40 0
108780 108839 large 78 18
108840 109019 medium 40 0
108900 108959 large 62 2
108900 108959 large 73 13
108960 109019 large 74 14
109080 109319 medium 40 0
109200 109259 large 79 19
109260 109379 large 62 2
109320 109379 small 37 17
109320 109379 xlarge 89 9
109380 110219 medium 40 0
109620 109679 medium 46 6
109740 109799 medium 55 15
109860 109919 large 62 2
109980 110039 small 30 10
109980 110039 xlarge 86 6
109980 110039 xlarge 89 9
110100 110159 xlarge 89 9
110160 110219 large 73 13
110280 110639 medium 40 0
110340 110399 small 26 6
110340 110399 medium 59 19
110400 110459 small 36 16
110400 110459 xlarge 92 12
110460 110519 tiny 10 10
110460 110519 large 68 8
110520 110579 xlarge 88 8
110700 110759 small 25 5
110760 110879 medium 40 0
110820 110879 tiny 6 6
110820 110879 medium 44 4
110940 111899 medium 40 0
110940 110999 medium 48 8
111180 111239 small 30 10
111240 111299 small 34 14
111360 111419 tiny 7 7
111360 111419 medium 55 15
111420 111479 tiny 14 14
111480 111539 small 20 0
111480 111539 xlarge 86 6
111900 111959 tiny 6 6
111960 112319 medium 40 0
112020 112079 xlarge 80 0
112080 112139 tiny 2 2
112080 112139 tiny 6 6
112200 112259 medium 54 14
112200 112259 xlarge 89 9
112320 112379 small 34 14
112380 112559 medium 40 0
112380 112439 large 62 2
112380 112439 xlarge 88 8
112500 112559 large 62 2
112500 112559 xlarge 98 18
112620 113219 medium 40 0
112620 112679 xlarge 81 1
112680 112739 tiny 2 2
112740 112799 tiny 6 6
112740 112799 large 62 2
112920 112979 small 30 10
112920 112979 small 34 14
112980 113039 small 20 0
112980 113039 medium 46 6
112980 113039 xlarge 89 9
113040 113099 xlarge 86 6
113220 113279 large 79 19
113220 113279 xlarge 82 2
113280 113879 medium 40 0
113340 113399 small 26 6
113340 113399 small 37 17
113460 113519 tiny 19 19
113460 113519 small 20 0
113520 113579 tiny 0 0
113940 113999 medium 40 0
113940 113999 medium 52 12
113940 113999 xlarge 89 9
114060 114299 medium 40 0
114180 114239 medium 48 8
114240 114299 tiny 2 2
114240 114299 medium 41 1
114240 114299 medium 52 12
114420 114479 medium 40 0
114420 114479 large 74 14
114420 114479 large 79 19
114540 114599 tiny 19 19
114540 114659 medium 40 0
114600 114659 tiny 7 7
114600 114659 large 75 15
114720 114779 tiny 6 6
114720 114779 small 20 0
114780 115439 medium 40 0
114900 114959 small 34 14
114960 115019 medium 44 4
114960 115019 medium 55 15
114960 115019 large 75 15
115020 115139 tiny 6 6
115020 115079 small 34 14
115080 115139 large 75 15
115140 115199 small 30 10
115140 115199 large 76 16
115200 115259 xlarge 89 9
115260 115319 tiny 6 6
115380 115439 xlarge 86 6
115500 115559 medium 40 0
115680 115739 tiny 18 18
115680 116579 medium 40 0
115800 115859 large 62 2
115860 115919 xlarge 89 9
115920 115979 xlarge 87 7
116100 116159 small 26 6
116100 116159 large 78 18
116340 116399 small 26 6
116460 116519 xlarge 89 9
116520 116579 tiny 2 2
116580 116639 xlarge 89 9
116640 117299 medium 40 0
116640 116699 large 76 16
116700 116759 small 34 14
116760 116819 small 26 6
116760 116819 xlarge 87 7
116880 116939 large 75 15
116940 116999 tiny 18 18
117000 117059 medium 46 6
117300 117359 large 62 2
117360 117599 medium 40 0
117360 117419 large 79 19
117360 117419 xlarge 86 6
117420 117479 xlarge 89 9
117480 117539 tiny 6 6
117480 117539 small 34 14
117540 117599 xlarge 85 5
117600 117659 small 37 17
117660 118019 medium 40 0
117660 117719 medium 55 15
117660 117719 large 62 2
117720 117779 small 34 14
117840 117899 large 62 2
117900 117959 tiny 6 6
117900 117959 small 30 10
117900 117959 large 79 19
117900 117959 xlarge 81 1
117960 118019 small 37 17
118020 118079 medium 48 8
118080 118199 medium 40 0
118140 118199 tiny 6 6
118200 118259 large 62 2
118200 118259 large 73 13
118260 118319 small 25 5
118260 118379 medium 40 0
118320 118379 small 34 14
118320 118379 medium 46 6
118380 118439 large 62 2
118440 118499 medium 40 0
118440 118499 xlarge 98 18
118560 118619 large 75 15
118620 118979 medium 40 0
118740 118799 medium 42 2
118800 118859 small 20 0
118860 118919 xlarge 86 6
118920 118979 tiny 6 6
118920 118979 xlarge 89 9
119040 119339 medium 40 0
119040 119099 large 79 19
119100 119159 large 75 15
119160 119219 tiny 19 19
119400 119459 small 34 14
119400 119699 medium 40 0
119400 119459 medium 59 19
119400 119459 xlarge 89 9
119400 119459 xlarge 92 12
119640 119699 small 26 6
119700 119759 xlarge 86 6
119760 119819 small 34 14
119760 119879 medium 40 0
119940 119999 small 34 14
119940 119999 large 68 8
119940 119999 large 75 15
120000 120059 small 20 0
120000 120059 small 26 6
120000 120299 medium 40 0
120000 120059 xlarge 86 6
120360 120539 medium 40 0
120480 120539 large 73 13
120600 120659 small 34 14
120600 120659 medium 40 0
120720 120959 medium 40 0
120720 120779 xlarge 89 9
120840 120899 small 26 6
120840 120959 small 34 14
120840 120899 medium 44 4
120900 120959 xlarge 89 9
121140 121199 medium 40 0
121140 121199 xlarge 89 9
121260 121499 medium 40 0
121260 121319 xlarge 82 2
121320 121379 large 62 2
121380 121439 small 34 14
121500 121559 medium 55 15
121500 121559 large 75 15
121560 121619 medium 40 0
121560 121619 xlarge 82 2
121620 121679 xlarge 88 8
121680 121739 medium 40 0
121800 121919 medium 40 0
121800 121859 medium 48 8
121800 121859 large 75 15
121860 121979 small 34 14
121860 121919 medium 55 15
121980 122039 tiny 6 6
121980 122159 medium 40 0
121980 122039 large 62 2
122160 122219 large 62 2
122160 122279 large 75 15
122220 122339 tiny 6 6
122220 122339 medium 40 0
122280 122339 large 79 19
122400 122579 medium 40 0
122460 122519 tiny 18 18
122460 122519 large 62 2
122640 122819 medium 40 0
122640 122699 medium 46 6
122700 122759 small 20 0
122820 122879 tiny 6 6
122820 122879 small 34 14
122940 123419 medium 40 0
122940 122999 xlarge 81 1
122940 122999 xlarge 82 2
123060 123119 large 73 13
123180 123239 small 39 19
123180 123239 xlarge 86 6
123360 123419 tiny 18 18
123360 123419 large 62 2
123480 123539 xlarge 82 2
123600 123659 tiny 16 16
123600 123659 tiny 18 18
123600 123959 medium 40 0
123600 123659 xlarge 89 9
123660 123719 tiny 6 6
123660 123719 small 34 14
123780 123839 xlarge 89 9
123960 124019 large 75 15
123960 124019 large 79 19
124020 124439 medium 40 0
124080 124139 small 20 0
124080 124139 xlarge 89 9
124200 124259 small 34 14
124200 124259 large 63 3
124440 124499 tiny 11 11
124440 124499 xlarge 89 9
124500 124679 medium 40 0
124680 124739 xlarge 89 9
124800 124859 medium 40 0
124920 124979 medium 40 0
124920 124979 medium 59 19
124980 125039 large 62 2
125160 125219 small 30 10
125160 125219 medium 40 0
125160 125219 medium 48 8
125160 125219 xlarge 89 9
125280 125699 medium 40 0
125340 125399 small 37 17
125400 125459 xlarge 82 2
125460 125519 small 32 12
125460 125519 large 63 3
125460 125519 xlarge 89 9
125520 125579 tiny 18 18
125580 125699 large 62 2
125640 125699 tiny 6 6
125640 125699 small 34 14
125760 125819 small 33 13
125760 125819 medium 40 0
125880 125939 small 22 2
125880 125939 medium 40 0
125940 125999 tiny 2 2
125940 125999 large 62 2
125940 125999 xlarge 89 9
126000 126179 medium 40 0
126000 126059 medium 55 15
126060 126119 large 62 2
126180 126239 small 34 14
126240 126299 xlarge 89 9
126300 127319 medium 40 0
126420 126479 tiny 11 11
126480 126539 xlarge 99 19
126600 126659 tiny 10 10
126720 126839 small 34 14
126840 126899 tiny 18 18
126900 126959 tiny 6 6
126900 126959 large 63 3
127020 127079 xlarge 89 9
127200 127259 xlarge 82 2
127260 127319 small 37 17
127380 127439 medium 40 0
127500 127559 medium 40 0
127500 127559 large 75 15
127560 127619 tiny 11 11
127620 127679 medium 54 14
127680 127859 medium 40 0
127860 127919 small 37 17
127860 127919 xlarge 89 9
127920 128039 medium 40 0
128100 128159 small 34 14
128100 128159 medium 40 0
128160 128219 tiny 12 12
128160 128219 xlarge 99 19
128220 128279 medium 40 0
128220 128279 large 79 19
128280 128339 small 32 12
128340 128699 medium 40 0
128580 128639 xlarge 83 3
128760 128879 medium 40 0
128940 128999 small 34 14
128940 128999 medium 40 0
129000 129059 tiny 6 6
129120 129179 medium 40 0
129180 129239 tiny 18 18
129180 129239 small 34 14
129240 129479 medium 40 0
129240 129299 large 75 15
129300 129359 large 62 2
129300 129359 large 73 13
129420 129479 small 34 14
129540 129599 tiny 6 6
129540 129659 medium 40 0
129540 129599 xlarge 86 6
129600 129659 tiny 2 2